学号              name            birthday_year   birthday_month  birthday_day    chinese         math            java            PE              
2015021065      齐秀秀             2005            4               2               66.0            72.0            83.0            70.0            
2015081947      齐骁              2005            2               5               85.0            84.0            84.0            87.0            
2015171379      秦敏丽             2004            5               17              78.0            87.0            67.0            82.0            
2015234352      齐峰宇             2005            12              1               77.0            62.0            98.0            83.0            
2015295101      吴秀华             2006            2               27              85.0            75.0            79.0            82.0            
2015394281      赵秀              2003            4               8               89.0            68.0            88.0            77.0            
2015430402      董飞              2005            5               22              86.0            80.0            80.0            86.0            
2015441353      钱娟丽             2003            2               27              91.0            70.0            87.0            79.0            
2015562585      丁骁宇             2005            6               21              79.0            84.0            77.0            88.0            
2015732488      李丽婷             2003            2               7               76.0            72.0            65.0            91.0            
2015792947      周辉国             2002            11              12              88.0            100.0           67.0            84.0            
2015931899      郑飞辉             2005            7               11              71.0            83.0            94.0            84.0            
2015987638      郑娟慧             2006            12              1               99.0            84.0            68.0            72.0            
2016353701      董娟秀             2003            5               11              78.0            84.0            73.0            93.0            
2016367625      钱峰飞             2006            10              21              70.0            94.0            70.0            75.0            
2016565559      冯婷慧             2003            1               11              82.0            75.0            89.0            83.0            
2016709430      冯芳丽             2004            9               15              85.0            97.0            74.0            65.0            
2016894613      董静娜             2004            10              18              64.0            76.0            78.0            71.0            
2016896391      陈磊超             2002            8               9               94.0            80.0            74.0            76.0            
2016901183      丁华丽             2002            11              11              87.0            81.0            73.0            78.0            
2016942655      赵浩浩             2004            10              27              86.0            72.0            67.0            90.0            
2016997657      丁丽秀             2003            4               14              84.0            88.0            81.0            70.0            
2017069553      王伟峰             2004            4               28              69.0            84.0            76.0            69.0            
2017122435      郑强文             2004            2               20              68.0            79.0            74.0            79.0            
2017129435      郑丽华             2004            7               23              93.0            86.0            99.0            69.0            
2017287902      秦强              2006            3               12              76.0            92.0            66.0            67.0            
2017367521      陈骁浩             2003            3               17              93.0            90.0            91.0            84.0            
2017373116      钱丽娜             2004            3               28              94.0            94.0            92.0            79.0            
2017382727      钱慧丽             2003            4               15              78.0            78.0            84.0            70.0            
2017705108      齐娜娟             2003            12              8               84.0            68.0            79.0            75.0            
2018085639      李强镇             2006            2               16              89.0            77.0            74.0            83.0            
2018096274      周超子             2003            8               17              82.0            83.0            66.0            75.0            
2018248071      孙超杰             2005            5               9               78.0            82.0            80.0            72.0            
2018342782      丁丽娜             2004            8               3               62.0            83.0            77.0            78.0            
2018401155      郑慧婷             2002            3               14              80.0            86.0            88.0            76.0            
2018518845      冯文              2002            4               14              85.0            90.0            78.0            79.0            
2018522609      秦秀娜             2003            12              1               90.0            92.0            85.0            70.0            
2018602700      赵丽娜             2005            2               13              88.0            73.0            84.0            74.0            
2018803326      钱娟静             2004            12              5               88.0            82.0            82.0            95.0            
2018894919      冯宇浩             2002            12              18              86.0            84.0            76.0            78.0            
2019092894      吴国强             2005            4               22              84.0            85.0            80.0            66.0            
2019129438      郑丽芳             2003            5               14              70.0            76.0            93.0            83.0            
2019357962      丁涛              2006            10              31              78.0            80.0            88.0            72.0            
2019453274      齐丽芳             2002            3               21              85.0            83.0            89.0            80.0            
2019540371      董敏娟             2004            7               4               62.0            77.0            62.0            87.0            
2019631520      秦辉子             2004            11              25              66.0            79.0            85.0            97.0            
2019658065      齐慧娜             2003            4               9               78.0            71.0            86.0            85.0            
2019662742      周骁浩             2004            10              5               74.0            74.0            76.0            77.0            
2019858968      陈镇辉             2005            9               26              80.0            89.0            89.0            73.0            
2020036405      钱国强             2006            9               14              69.0            87.0            63.0            79.0            
2020040924      董丽慧             2006            10              22              89.0            70.0            67.0            76.0            
2020053389      吴静丽             2004            5               22              72.0            63.0            73.0            85.0            
2020170878      丁超宇             2005            12              31              79.0            78.0            89.0            97.0            
2020287046      齐芳静             2003            6               6               85.0            89.0            87.0            72.0            
2020438506      王               2004            9               19              85.0            80.0            78.0            72.0            
2020748836      冯涛国             2003            6               14              62.0            85.0            92.0            85.0            
2020813068      赵敏敏             2003            11              21              62.0            95.0            83.0            83.0            
2021054770      周婷华             2006            2               22              79.0            78.0            82.0            89.0            
2021180554      秦娟敏             2004            10              6               78.0            82.0            73.0            80.0            
2021344513      郑丽芳             2004            3               7               81.0            86.0            74.0            77.0            
2021345467      钱子超             2002            7               26              87.0            78.0            66.0            85.0            
2021379327      冯峰峰             2002            3               7               77.0            75.0            87.0            72.0            
2021549700      陈镇国             2003            12              16              79.0            79.0            79.0            74.0            
2021815681      丁秀芳             2006            12              6               91.0            71.0            78.0            94.0            
2021832550      齐敏慧             2005            9               25              84.0            78.0            82.0            66.0            
2022169703      王丽丽             2006            1               25              64.0            72.0            62.0            76.0            
2022182760      丁国骁             2002            4               18              84.0            90.0            82.0            79.0            
2022182946      赵骁骁             2002            3               23              72.0            81.0            72.0            75.0            
2022230236      冯磊宇             2004            4               26              66.0            73.0            78.0            79.0            
2022249949      田静丽             2003            10              8               80.0            86.0            99.0            86.0            
2022280955      钱秀娜             2002            10              30              68.0            77.0            91.0            78.0            
2022323428      孙飞飞             2006            6               14              91.0            86.0            78.0            71.0            
2022598934      吴婷丽             2002            11              20              87.0            82.0            79.0            65.0            
2022806347      钱芳静             2004            7               13              79.0            83.0            66.0            83.0            
2022890436      丁婷华             2003            3               12              68.0            89.0            75.0            78.0            
2022894731      董婷              2003            1               24              84.0            82.0            81.0            80.0            
2022991297      冯飞              2003            11              21              83.0            86.0            79.0            82.0            
2023242198      赵丽秀             2004            9               25              81.0            78.0            87.0            97.0            
2023304727      齐丽丽             2004            12              7               84.0            76.0            87.0            81.0            
2023339817      陈超子             2006            8               23              74.0            99.0            81.0            73.0            
2023428840      王伟涛             2002            4               3               72.0            82.0            72.0            73.0            
2023456619      王伟国             2003            8               28              81.0            83.0            80.0            88.0            
2023457941      吴芳秀             2006            9               29              81.0            87.0            86.0            79.0            
2023489919      王骁涛             2005            7               30              91.0            66.0            84.0            82.0            
2023588345      李镇骁             2005            8               24              77.0            93.0            89.0            87.0            
2023670068      周国宇             2003            2               9               66.0            78.0            67.0            75.0            
2023711241      孙丽秀             2004            1               24              86.0            86.0            86.0            80.0            
2023730968      赵静芳             2006            1               30              85.0            74.0            72.0            82.0            
2024099066      董宇磊             2002            2               19              75.0            65.0            72.0            77.0            
2024125166      齐娟华             2004            7               20              68.0            73.0            83.0            78.0            
2024302488      赵娜慧             2006            2               18              69.0            81.0            97.0            79.0            
2024349317      孙宇超             2004            1               10              83.0            87.0            67.0            92.0            
2024381760      董静婷             2004            12              13              80.0            71.0            81.0            84.0            
2024397731      周强峰             2002            3               10              90.0            64.0            96.0            80.0            
2024404704      冯芳秀             2006            8               10              74.0            73.0            83.0            83.0            
2024497034      田娜秀             2006            1               11              77.0            89.0            74.0            80.0            
2024499859      丁辉镇             2003            7               17              82.0            78.0            89.0            84.0            
2024841536      陈峰磊             2002            8               1               87.0            61.0            83.0            95.0            
2024844005      周飞镇             2004            4               22              90.0            78.0            83.0            78.0            
2024906845      李骁              2002            8               18              76.0            81.0            84.0            85.0            